gene1,gene2
3252,19126
3252,6981
3252,6787
3252,5879
6512,17680
16865,22745
10767,2930
21012,21541
12900,4667
9568,17680
5357,19354
5357,17007
5357,4906
7607,3890
7607,16559
6285,8693
6285,21541
10361,16559
22745,21304
22745,22267
22745,5627
18420,7101
18420,17281
18420,18876
18420,4083
18420,17529
18420,17760
19991,17796
1734,13434
1734,15212
1734,9815
17796,9070
17796,17281
17796,7557
17796,9815
16502,20873
13314,3530
13314,9070
13314,9856
22093,17007
22093,18273
22093,5233
19944,9070
19944,9815
4849,9070
4849,21819
4849,290
4849,9815
17680,9070
3530,8693
3530,12943
9070,3890
9070,10995
9070,7393
9070,290
9070,8681
9070,9815
17774,421
15892,2948
15892,17529
15892,2930
2948,21819
4667,8258
6445,17281
21819,16695
21177,6941
21177,19852
447,5736
22267,5627
3890,17281
3890,17159
17007,12662
10081,16695
10081,4083
5736,457
5736,16559
5736,6929
5736,9815
11481,21887
3002,16559
17281,8114
17281,2471
17281,7392
17281,15723
17281,17529
17281,9856
17281,2930
8693,16695
8693,24010
8693,21361
8693,7393
8693,5235
7396,8114
7396,3649
7396,2930
15212,9815
15792,21649
18273,8673
18273,20810
19126,13985
22352,9787
19117,10271
16695,8673
16695,4083
13494,10213
16559,15723
16559,17159
16559,9856
16559,8681
16559,10062
24010,8740
8673,20810
7392,21361
7392,5235
421,21361
421,5233
421,7393
8730,8681
10110,3
21361,7393
21541,7596
17159,17160
9787,6787
3092,21893
23154,13338
3649,9896
4501,21649
13338,11432
13338,3480
13338,13985
8740,7596
344
345
425
685
1143
1149
1540
1639
1887
1925
1964
2223
2267
2407
2584
3127
3165
3248
3469
3488
3518
3983
4162
4747
4776
4800
5267
5602
5711
5861
6107
6194
6215
6291
6434
6501
6532
6680
6999
7079
7415
7427
7428
7617
7713
7729
7784
7822
7994
8481
8522
8593
8860
8913
9475
9980
10098
10148
10227
10472
11014
11050
11140
11259
11624
11943
11989
12063
12145
12559
12593
12829
12974
13184
13216
13278
13493
13648
13821
13823
13873
14071
14172
14273
14420
14997
15421
15504
15855
15953
16327
16353
16728
17008
17023
17367
17561
17569
17634
17996
18659
18670
19065
19084
19177
19298
19502
19929
19930
19992
20307
20347
20929
21043
21135
21567
21569
21916
21924
22421
22648
22649
22692
22707
22731
23211
23263
23784
23837
23968
24184
24206
